omni5u3mt9v022 558eb6497c5f7ba1
1 5 752 480 1 1970 1000 20 1177 1268 1645 2841250 0 2356 1

-0.32742 0.143398 -0.000491387 0.00132108 -0.0374257
487.459 0 341.874 0 490.093 220.215 0 0 1
0.999972 -0.00680601 -0.00299244 0.00678601 0.999955 -0.00664296 0.00303752 0.00662247 0.999973
3.33034 1.52102 -21.6792

-0.329542 0.148066 0.000120289 0.00127887 -0.039781
481.245 0 353.055 0 483.9 206.518 0 0 1
0.306531 -0.00552961 -0.951845 0.00627896 0.999973 -0.00378714 0.95184 -0.00481572 0.306558
3.01602 -1.3873 -24.61

-0.324479 0.1317 -4.2384e-05 0.000620684 -0.0278907
482.741 0 398.939 0 485.477 236.513 0 0 1
-0.807426 0.00298894 -0.589961 0.000774266 0.999992 0.00400663 0.589968 0.00277827 -0.807422
-0.149819 -1.22554 -23.3454

-0.325823 0.135763 0.000538433 0.00135621 -0.029469
483.367 0 349.964 0 485.938 209.962 0 0 1
-0.809245 -0.0100799 0.587385 -0.011297 0.999935 0.00159566 -0.587363 -0.00534438 -0.809306
4.47887 -0.309256 -24.1069

-0.330345 0.143194 0.00046812 0.000198829 -0.0336516
483.378 0 342.087 0 485.907 209.553 0 0 1
0.308346 -0.00652002 0.951252 -0.0078679 0.999925 0.009404 -0.951242 -0.010384 0.308272
3.12467 -1.9033 -19.5833

